kinematics:
  shoulder:
    x: 0
    y: 0
    z: 0.16285887562768456
    roll: -0
    pitch: 0
    yaw: 3.2792148045579506e-08
  upper_arm:
    x: 0.00016984352451613293
    y: 0
    z: 0
    roll: 1.5705722188597786
    pitch: 0
    yaw: 2.861643199169609e-06
  forearm:
    x: -0.42523693194431667
    y: 0
    z: 0
    roll: 0.00077845005334175254
    pitch: -0.00030106334299045327
    yaw: 1.3921460277407938e-07
  wrist_1:
    x: -0.39243757896575832
    y: -0.000611404158906357
    z: 0.13349479723802657
    roll: 0.0045799529016756551
    pitch: 0.00035336734348178684
    yaw: -2.0893034138093388e-06
  wrist_2:
    x: 2.1653798131491471e-05
    y: -0.099729503277310366
    z: 7.0093276158349045e-05
    roll: 1.5700934930063637
    pitch: 0
    yaw: -3.1844314716264829e-07
  wrist_3:
    x: 1.3374052623961574e-05
    y: 0.099595590057546812
    z: 3.3472105169904443e-05
    roll: 1.5711324069756589
    pitch: 3.1415926535897931
    yaw: 3.1415923702534134
  hash: calib_10866107084731839192
